-6.789413863615473277e-01
-3.779113906975660742e-01
-2.018201316418848923e-01
-7.688139503358490390e-02
2.002861797447146042e-02
9.920986402209630572e-02
1.661566536527095128e-01
2.241486006303962664e-01
2.753011230777774876e-01
3.210586136384526723e-01
3.624512987966777566e-01
4.002398596860775037e-01
4.350019659452895038e-01
4.671866493166907386e-01
4.971498726941337987e-01
5.251785962943774644e-01
5.515075350167265578e-01
5.763311187417586856e-01
5.998122145912816450e-01
6.220886093024338148e-01
6.432779083723719760e-01
6.634812944606589546e-01
6.827864496560455132e-01
7.012698553500587018e-01
7.189986223104902763e-01
