9.397499999999999742e-01 1.736666666666666667e-09 3.629999999999999893e+00 3.070000000000000284e+00 1.975000000000000089e+00 7.416666666666666963e-01 1.449000000000000010e-01 7.275000000000000355e+00 3.466666666666666508e-02
8.747500000000000275e-01 1.596666666666666736e-09 3.569999999999999840e+00 2.750000000000000000e+00 1.735000000000000098e+00 6.883333333333333526e-01 1.452999999999999847e-01 7.974999999999999645e+00 6.800000000000000488e-02
9.852499999999999591e-01 1.409999999999999887e-09 4.049999999999999822e+00 2.790000000000000036e+00 2.365000000000000213e+00 6.683333333333333348e-01 1.423000000000000098e-01 7.924999999999999822e+00 5.333333333333332982e-02
8.292500000000000426e-01 1.363333333333333382e-09 3.549999999999999822e+00 2.609999999999999876e+00 1.945000000000000062e+00 7.016666666666666607e-01 1.401000000000000023e-01 6.674999999999999822e+00 3.333333333333333287e-02
9.462500000000000355e-01 1.970000000000000021e-09 3.609999999999999876e+00 3.190000000000000391e+00 2.125000000000000000e+00 6.583333333333333259e-01 1.425000000000000155e-01 6.775000000000000355e+00 4.800000000000000100e-02
9.722500000000000586e-01 1.503333333333333312e-09 3.969999999999999751e+00 2.709999999999999964e+00 2.334999999999999964e+00 7.349999999999999867e-01 1.434999999999999887e-01 7.474999999999999645e+00 5.600000000000000117e-02
9.267499999999999627e-01 1.223333333333333245e-09 3.889999999999999680e+00 2.950000000000000178e+00 1.915000000000000036e+00 7.116666666666666696e-01 1.431000000000000050e-01 7.174999999999999822e+00 4.533333333333333659e-02
8.227500000000000924e-01 2.436666666666666731e-09 3.709999999999999964e+00 3.110000000000000320e+00 1.854999999999999982e+00 7.283333333333332771e-01 1.426999999999999935e-01 7.775000000000000355e+00 4.000000000000000083e-02
9.137500000000000622e-01 1.643333333333333242e-09 4.069999999999999396e+00 2.850000000000000089e+00 1.795000000000000151e+00 6.616666666666667362e-01 1.415000000000000147e-01 6.924999999999999822e+00 5.066666666666666541e-02
9.007500000000000506e-01 2.343333333333333306e-09 3.849999999999999645e+00 2.729999999999999982e+00 2.155000000000000249e+00 7.249999999999999778e-01 1.442999999999999838e-01 7.724999999999999645e+00 6.666666666666667962e-02
9.072500000000000009e-01 1.550000000000000024e-09 3.809999999999999609e+00 2.629999999999999893e+00 2.095000000000000195e+00 6.850000000000000533e-01 1.439000000000000001e-01 7.125000000000000000e+00 5.866666666666666557e-02
8.357499999999999929e-01 1.269999999999999957e-09 3.669999999999999929e+00 2.970000000000000195e+00 1.765000000000000124e+00 7.083333333333333703e-01 1.417000000000000204e-01 7.224999999999999645e+00 4.399999999999999745e-02
8.617500000000000160e-01 1.923333333333333516e-09 3.909999999999999698e+00 2.910000000000000142e+00 2.395000000000000018e+00 6.983333333333333615e-01 1.436999999999999944e-01 7.075000000000000178e+00 4.933333333333334014e-02
9.592499999999999361e-01 2.203333333333333376e-09 3.509999999999999787e+00 2.770000000000000018e+00 1.825000000000000178e+00 6.650000000000000355e-01 1.451000000000000068e-01 7.025000000000000355e+00 6.400000000000000133e-02
8.032500000000000195e-01 1.456666666666666806e-09 3.729999999999999982e+00 2.689999999999999947e+00 2.214999999999999858e+00 6.550000000000000266e-01 1.428999999999999992e-01 6.974999999999999645e+00 3.599999999999999728e-02
8.942499999999999893e-01 2.390000000000000225e-09 3.869999999999999662e+00 3.030000000000000249e+00 2.064999999999999947e+00 7.216666666666666785e-01 1.459000000000000019e-01 6.825000000000000178e+00 4.133333333333333304e-02
9.527499999999999858e-01 2.250000000000000295e-09 4.089999999999999858e+00 2.890000000000000124e+00 2.245000000000000107e+00 7.183333333333333792e-01 1.446999999999999953e-01 6.575000000000000178e+00 6.533333333333334048e-02
9.657499999999999973e-01 1.830000000000000091e-09 3.770000000000000018e+00 3.129999999999999893e+00 2.424999999999999822e+00 7.383333333333332860e-01 1.405000000000000138e-01 6.724999999999999645e+00 6.133333333333333692e-02
8.812500000000000888e-01 2.016666666666666527e-09 3.750000000000000000e+00 2.830000000000000071e+00 2.035000000000000142e+00 6.816666666666666430e-01 1.433000000000000107e-01 7.875000000000000000e+00 6.000000000000000472e-02
9.917500000000000204e-01 2.576666666666667075e-09 3.830000000000000071e+00 3.150000000000000355e+00 1.614999999999999991e+00 7.449999999999999956e-01 1.411000000000000032e-01 7.424999999999999822e+00 5.466666666666666896e-02
8.552500000000000657e-01 2.156666666666666871e-09 3.589999999999999858e+00 3.090000000000000302e+00 2.004999999999999893e+00 6.516666666666667274e-01 1.408999999999999975e-01 7.574999999999999289e+00 5.733333333333333337e-02
8.162500000000000311e-01 2.063333333333333446e-09 4.009999999999999787e+00 3.010000000000000231e+00 2.305000000000000160e+00 6.716666666666666341e-01 1.407000000000000195e-01 7.525000000000000355e+00 4.666666666666666879e-02
9.332500000000000240e-01 1.783333333333333379e-09 3.989999999999999769e+00 2.870000000000000107e+00 1.675000000000000044e+00 7.050000000000000711e-01 1.454999999999999905e-01 7.325000000000000178e+00 3.733333333333333642e-02
8.422500000000000542e-01 2.296666666666666801e-09 3.790000000000000036e+00 2.930000000000000160e+00 2.455000000000000071e+00 6.750000000000000444e-01 1.441000000000000059e-01 7.375000000000000000e+00 6.266666666666667607e-02
8.682499999999999662e-01 2.530000000000000156e-09 3.689999999999999947e+00 2.990000000000000213e+00 1.705000000000000071e+00 6.916666666666666519e-01 1.444999999999999896e-01 6.525000000000000355e+00 3.866666666666666863e-02
8.487500000000000044e-01 2.109999999999999952e-09 3.949999999999999734e+00 2.810000000000000053e+00 2.485000000000000320e+00 7.483333333333332948e-01 1.413000000000000089e-01 6.875000000000000000e+00 4.266666666666666524e-02
9.202500000000000124e-01 1.876666666666666597e-09 3.929999999999999716e+00 3.169999999999999929e+00 2.185000000000000053e+00 6.783333333333333437e-01 1.421000000000000041e-01 7.825000000000000178e+00 3.066666666666666499e-02
8.097500000000000808e-01 1.316666666666666669e-09 3.649999999999999911e+00 3.050000000000000266e+00 1.645000000000000018e+00 7.149999999999999689e-01 1.456999999999999962e-01 7.674999999999999822e+00 5.200000000000000455e-02
8.877500000000000391e-01 2.483333333333333650e-09 4.029999999999999361e+00 2.649999999999999911e+00 1.885000000000000009e+00 7.316666666666666874e-01 1.418999999999999984e-01 7.625000000000000000e+00 6.933333333333334403e-02
9.787500000000000089e-01 1.689999999999999954e-09 3.529999999999999805e+00 2.669999999999999929e+00 2.274999999999999911e+00 6.950000000000000622e-01 1.403000000000000080e-01 6.625000000000000000e+00 3.200000000000000067e-02
